test accuracy 0.9449
kernel------------------------------------------
[[[[ 0.14466204  0.22088599  0.03070448  0.11421623  0.0100003   0.17872882
     0.23390234  0.04463305  0.11376139  0.07694162  0.0198071  -0.0464684
    -0.21411605 -0.01334857  0.04723206 -0.04220083]]

  [[ 0.21315484  0.08529733  0.10000956 -0.0159347  -0.05158977  0.05440906
     0.14859012  0.07659593  0.11400323 -0.02828776 -0.0200267   0.09774533
    -0.04394695  0.14121994  0.11250529  0.01595177]]

  [[ 0.05623902 -0.00603264  0.17018349  0.03839106 -0.05597673  0.05331646
     0.22584951 -0.08901557  0.12190277  0.04096069 -0.04877958  0.24306665
    -0.01477757  0.1510852   0.1085263  -0.04970266]]]


 [[[ 0.06125803  0.14410567 -0.04563145  0.26044527 -0.02015283  0.12342788
     0.022616    0.17239723  0.08758264  0.05696624  0.18485433  0.09508233
    -0.04846785  0.00130429 -0.09620117  0.06270434]]

  [[ 0.05990047  0.20090733 -0.05955627  0.01685946 -0.0342112   0.032345
    -0.01882346 -0.00845368 -0.02987445  0.03128392  0.01484807 -0.05003879
    -0.05746492  0.01083107 -0.01980578 -0.00085171]]

  [[ 0.19357391  0.03672598  0.12403842  0.019295   -0.00695101 -0.04051258
     0.00964013 -0.01550081 -0.01452417  0.09315596 -0.04195195  0.04038667
     0.010087    0.10596626  0.03877076  0.02277271]]]


 [[[-0.04021631  0.15274279 -0.05753051  0.11396529  0.28040057  0.01388499
     0.00907283  0.06599376 -0.02278647 -0.09600882  0.09407174  0.17321278
     0.09234229 -0.04582377 -0.13770011  0.19809607]]

  [[ 0.02053255  0.11932285 -0.02114893  0.05111896  0.10801605  0.03488081
    -0.05189575 -0.0901679  -0.08104505 -0.07269391 -0.11362128 -0.03666971
     0.16261761 -0.16469833 -0.07320666  0.13325869]]

  [[ 0.26890665  0.00695174  0.03862683 -0.04987125  0.03393789 -0.09143043
     0.03282483 -0.25532377 -0.21080077  0.18819967 -0.16695318  0.0040301
     0.28134894 -0.19321139  0.17138749  0.08352832]]]]
bias--------------------------------------------
[  2.06301804e-03   5.45584969e-03   3.99812795e-02   1.11903320e-03
   3.61450203e-02  -1.28295796e-04   1.24556040e-02   8.07517208e-03
   3.76988389e-02   2.20884103e-02   2.79974751e-02   1.21473270e-02
   6.30068171e-05   3.68530420e-03   7.07487389e-02   1.13555342e-02]
------------------------------------------------
kernel------------------------------------------
[[[[ 0.09539941  0.08646847 -0.0222335  ...,  0.03007295  0.02174407
     0.04675259]
   [ 0.02406541  0.06734623  0.09248133 ...,  0.00768896  0.03757862
     0.05147968]
   [ 0.08015782  0.03382921 -0.04049277 ..., -0.10536022  0.00831928
    -0.07880501]
   ...,
   [-0.00658029  0.06077113 -0.03215641 ...,  0.03567602  0.0423981
     0.08979183]
   [ 0.05763829  0.05525613 -0.0842013  ..., -0.03091386  0.04950697
     0.02291654]
   [-0.05416042  0.0334803  -0.01007366 ...,  0.00391418  0.02976245
     0.0483038 ]]

  [[ 0.03499031  0.09895791 -0.1246354  ..., -0.06559844  0.07065465
     0.02927355]
   [ 0.03452322  0.00533928  0.08971223 ..., -0.07794883  0.02875756
     0.03163216]
   [ 0.02241405 -0.01543232 -0.04586259 ..., -0.05693498  0.02584461
    -0.07310362]
   ...,
   [-0.04316449  0.15023975  0.05788348 ...,  0.05979563  0.02530283
     0.15167415]
   [ 0.06345346  0.18965347 -0.0352212  ..., -0.01349     0.11801792
    -0.02492851]
   [-0.00118886 -0.03582731  0.09970424 ..., -0.00715292  0.00397381
    -0.01803067]]

  [[-0.0207407  -0.00413149  0.14909595 ..., -0.04224476  0.05625467
     0.04341482]
   [-0.00515611 -0.04448058 -0.04581454 ..., -0.12133355 -0.01896921
     0.11807637]
   [ 0.07993136  0.0764422  -0.01838211 ..., -0.04557494  0.09056852
     0.0240241 ]
   ...,
   [-0.01429478  0.15936986  0.08268615 ...,  0.1098078   0.13244759
     0.10397978]
   [ 0.00842976 -0.00089957  0.01387849 ...,  0.00118805  0.05359369
     0.10654024]
   [ 0.05997767 -0.01934561  0.03617864 ...,  0.03067387 -0.01002638
     0.02661417]]]


 [[[ 0.01858429 -0.04914807  0.0262234  ...,  0.01714133 -0.06090476
     0.00319329]
   [-0.02614077  0.03637234  0.00573037 ...,  0.05326669 -0.01189523
    -0.00416298]
   [ 0.04475529  0.09757767  0.07370263 ..., -0.0503886  -0.02471593
     0.01005128]
   ...,
   [-0.07256165  0.03231071  0.04411623 ...,  0.04123235  0.01496519
     0.10708915]
   [-0.05101573  0.15938284  0.06808057 ...,  0.03985269  0.12266795
     0.05549112]
   [ 0.01644014 -0.05140366 -0.03375359 ...,  0.07072981 -0.01360322
    -0.02839405]]

  [[ 0.05306739 -0.02091446  0.03895201 ..., -0.10696191 -0.06353477
    -0.00818806]
   [ 0.08225712 -0.05126709  0.02028643 ...,  0.00735394  0.05846092
    -0.07570634]
   [ 0.0724169   0.01117536  0.02191618 ..., -0.10189746 -0.0615375
     0.02986313]
   ...,
   [-0.09270363  0.16283873  0.05087864 ...,  0.093878   -0.08835604
     0.03567504]
   [ 0.00542547  0.0436374   0.03950629 ..., -0.07788268  0.02145131
    -0.00729914]
   [ 0.01997808 -0.10073605  0.01172748 ...,  0.07482746 -0.09880625
    -0.05468366]]

  [[-0.08038145 -0.09469809  0.07806572 ...,  0.05522936  0.02097002
     0.04294787]
   [-0.03484187  0.04741047  0.02508844 ...,  0.00602473 -0.02519683
     0.07077664]
   [ 0.00876111  0.18757983  0.03863672 ...,  0.04608833  0.16535848
     0.03072681]
   ...,
   [-0.09342969  0.09978476 -0.02846468 ...,  0.24513958 -0.05912354
     0.08650365]
   [-0.00893279  0.02771649  0.00302295 ..., -0.02204537  0.08861981
     0.05546925]
   [ 0.02879421 -0.11037342 -0.05804322 ..., -0.07055596 -0.04509632
    -0.04969187]]]


 [[[ 0.00129582 -0.07904778  0.08654666 ..., -0.11142924 -0.16308782
     0.01582231]
   [ 0.02804126 -0.07508201  0.02903403 ...,  0.0662594   0.04611593
    -0.05300317]
   [-0.06128877  0.00035237 -0.03187443 ...,  0.00942566 -0.06042939
     0.03525075]
   ...,
   [ 0.05055919  0.03152698  0.00286824 ...,  0.1245696   0.05732672
     0.19062372]
   [ 0.01515235 -0.01611767  0.08322883 ..., -0.06886377 -0.02104824
     0.06126452]
   [ 0.05561725 -0.06518883  0.01153052 ...,  0.06382159 -0.02540493
    -0.14179958]]

  [[-0.03981529 -0.07769811  0.08636899 ...,  0.04162381 -0.04300469
    -0.05414537]
   [ 0.06044864 -0.02049604  0.05168476 ..., -0.02409092 -0.07633137
    -0.01347629]
   [-0.02764474 -0.0984579  -0.0130912  ..., -0.03922264 -0.00670631
    -0.00889617]
   ...,
   [-0.02051381  0.15099414 -0.0172767  ...,  0.01010723 -0.07054315
     0.08609617]
   [-0.04260552  0.05550754  0.07503246 ..., -0.08949384  0.0187436
     0.06411479]
   [-0.07724516 -0.05100306 -0.02118207 ...,  0.12234552  0.03422105
    -0.17936032]]

  [[-0.13267015  0.01162032  0.08778044 ...,  0.03465734  0.01679897
     0.06213228]
   [-0.01173282 -0.05617134  0.04091664 ..., -0.0183255  -0.01770422
    -0.05961623]
   [-0.04095678 -0.0178303   0.09097016 ..., -0.0561634   0.06137373
     0.08196305]
   ...,
   [-0.11479974  0.07176431 -0.10411429 ...,  0.26410717  0.03511617
     0.03519696]
   [-0.10434338  0.01203492  0.05442429 ..., -0.11385005  0.11821809
     0.04816192]
   [-0.02084542 -0.00325618  0.11270663 ...,  0.00519653  0.08746678
    -0.04793179]]]]
bias--------------------------------------------
[ 0.00244442  0.02097576  0.02961328  0.028107    0.0043555  -0.00343113
 -0.00318844  0.00641664  0.02146627  0.00117037  0.02138111 -0.02105265
 -0.0040066   0.00186227  0.0290022  -0.00464739]
------------------------------------------------
kernel------------------------------------------
[[[[  1.33824795e-02  -3.18680443e-02   3.01056001e-02 ...,
     -9.33058634e-02   9.29425359e-02  -1.46500170e-01]
   [  1.76417138e-02  -2.46772561e-02   5.19726500e-02 ...,
      7.22963437e-02  -2.86710739e-01  -8.44249353e-02]
   [  2.89500114e-02   1.47610515e-01   7.54408492e-03 ...,
     -9.38600022e-03  -1.59014724e-02  -7.53544518e-05]
   ...,
   [  8.05146992e-03  -1.41530037e-02   5.06020635e-02 ...,
     -5.40781803e-02  -4.62791733e-02   1.22778371e-01]
   [ -4.80392762e-02  -2.85021178e-02   1.10931791e-01 ...,
      8.57606977e-02   5.35206124e-02  -1.07839204e-01]
   [  4.94741872e-02   1.02459997e-01   5.61073646e-02 ...,
      2.09974833e-02  -1.15524881e-01   1.18513063e-01]]

  [[  3.23772803e-02   3.49731036e-02  -7.14018196e-02 ...,
      5.85635006e-03   1.57710481e-02  -5.08840419e-02]
   [  5.88614792e-02  -5.58522381e-02   3.12141273e-02 ...,
      3.77646983e-02  -2.29683463e-02   8.23556678e-04]
   [  9.09597129e-02   6.06185347e-02  -1.75412446e-02 ...,
      1.05375089e-02  -4.70241420e-02  -5.35207167e-02]
   ...,
   [  3.99536006e-02  -3.89402471e-02  -1.87860895e-02 ...,
     -1.89913794e-01  -3.92960683e-02   1.05289802e-01]
   [ -4.02122959e-02  -9.85731278e-03   9.76659432e-02 ...,
      3.32312775e-03   2.17590276e-02  -6.22933581e-02]
   [  5.26801050e-02  -5.77404238e-02  -4.80988100e-02 ...,
      3.17457914e-02   7.07805231e-02   5.50811626e-02]]

  [[  2.98924502e-02  -2.73638200e-02  -7.19019324e-02 ...,
      3.52451578e-02  -9.02238935e-02  -1.03539951e-01]
   [ -6.34284616e-02  -9.49832499e-02  -3.27594951e-02 ...,
     -1.24813497e-01   3.23645845e-02  -7.28470013e-02]
   [ -2.50013452e-03  -7.13949800e-02  -9.39654652e-03 ...,
      5.38583808e-02   5.32408431e-02  -2.35655215e-02]
   ...,
   [ -9.41493809e-02  -1.11866333e-01  -1.23945372e-02 ...,
      1.78296119e-02  -9.74843875e-02  -1.47235664e-02]
   [ -1.95229538e-02   3.48903574e-02   1.60645813e-01 ...,
      1.60687808e-02  -9.54764783e-02  -7.48261660e-02]
   [ -1.78970620e-01  -1.42461717e-01  -1.97133259e-03 ...,
     -4.39972803e-02  -3.15270796e-02  -1.31311016e-02]]]


 [[[  1.93632543e-02  -6.51450083e-02   3.25640179e-02 ...,
      8.56160820e-02  -2.93787383e-02  -6.78241178e-02]
   [ -5.40386662e-02  -4.63311896e-02  -5.37123159e-03 ...,
     -1.22471362e-01  -7.98121765e-02   2.97763944e-02]
   [ -8.94482732e-02  -4.11574133e-02   1.16967790e-01 ...,
      1.21363811e-01   2.00409815e-03  -7.40860309e-03]
   ...,
   [ -5.68838008e-02  -6.23151027e-02  -1.02693075e-02 ...,
     -2.31554843e-02   6.28554374e-02   4.49925438e-02]
   [ -6.14488721e-02   3.38101350e-02   8.34621303e-03 ...,
     -3.45722027e-02  -1.24691371e-02  -1.64811596e-01]
   [ -1.15198672e-01  -3.21862735e-02  -8.78108367e-02 ...,
      3.53406668e-02  -1.25322863e-01  -3.17598917e-02]]

  [[  9.41956267e-02   2.86389068e-02  -3.41529511e-02 ...,
     -9.66098905e-02   1.25616314e-02  -6.58866158e-03]
   [  3.62512143e-03   8.87337979e-03   9.69114061e-03 ...,
      1.82812922e-02  -5.62608875e-02   1.04174115e-01]
   [ -5.67357391e-02   4.50613014e-02  -1.28254090e-02 ...,
     -5.28519712e-02  -3.79564427e-02   5.84663562e-02]
   ...,
   [ -3.90230492e-02   8.44356790e-03   4.34383452e-02 ...,
     -1.02403536e-01   9.54819620e-02   1.06869280e-01]
   [  4.21829261e-02   9.99062732e-02  -1.04693539e-01 ...,
      2.60400381e-02  -4.88591082e-02  -4.17781249e-02]
   [  6.30096439e-03  -1.05783688e-02  -2.15296242e-02 ...,
      4.19892333e-02   3.69955190e-02   5.50115444e-02]]

  [[ -8.27722717e-03   8.87055974e-03   1.86754353e-02 ...,
     -7.05241412e-03   1.00084983e-01   4.93176095e-03]
   [ -1.37063665e-02  -8.83015692e-02   3.23902741e-02 ...,
      2.56612860e-02   7.32293678e-03   1.91280153e-02]
   [  5.66151366e-02   2.00114343e-02  -1.22901134e-03 ...,
      6.47536421e-04  -6.02402128e-02   2.76075490e-02]
   ...,
   [ -1.38559952e-01  -1.22049786e-01  -5.65037392e-02 ...,
     -1.13023780e-01  -5.50676063e-02   2.55989116e-02]
   [ -7.60504603e-02   2.01588906e-02   5.25071174e-02 ...,
      4.72830683e-02  -8.91450718e-02  -4.61962866e-03]
   [ -1.31605780e-02  -8.31494629e-02   2.41391957e-02 ...,
      2.92130094e-02  -4.08008173e-02   5.27341180e-02]]]


 [[[  5.07675074e-02  -1.17591792e-03   4.00883034e-02 ...,
      1.27674296e-01  -7.74656311e-02  -1.11056022e-01]
   [  1.56973209e-02   2.23056655e-02  -4.38061729e-02 ...,
     -3.20507661e-02   8.02081153e-02   9.72808059e-03]
   [ -9.20975432e-02   7.22343102e-02  -7.11384192e-02 ...,
     -3.48123871e-02   1.00821167e-01   3.71770598e-02]
   ...,
   [  9.55919549e-03  -1.28901154e-01   9.50339809e-02 ...,
      1.58432022e-01   1.97290294e-02  -7.39687234e-02]
   [ -2.37878840e-02  -1.79933086e-02  -2.66774129e-02 ...,
      2.68877186e-02  -6.14765426e-03   8.21792427e-03]
   [ -5.79065606e-02   2.86766030e-02  -3.92091088e-02 ...,
      1.04216196e-01   2.79150391e-03   5.19999862e-03]]

  [[  2.79822052e-02   5.74101508e-02   1.25562802e-01 ...,
      6.40212074e-02   4.12610034e-03  -3.32054272e-02]
   [  1.08501956e-01   4.37051095e-02  -7.03676697e-03 ...,
     -5.94643354e-02   4.67300676e-02   6.54252172e-02]
   [ -6.68788105e-02   1.62017904e-02  -4.10739630e-02 ...,
     -6.74347430e-02   1.08338213e-02  -3.91523540e-02]
   ...,
   [  4.69508655e-02   4.00782265e-02  -2.41914466e-02 ...,
     -6.07171059e-02  -4.90018390e-02  -8.80677849e-02]
   [ -6.41660094e-02   8.88151750e-02  -8.97359848e-02 ...,
      3.76533233e-02  -1.13989264e-01  -3.59161757e-02]
   [ -1.31190464e-01   5.20208711e-03   4.85339910e-02 ...,
     -5.28311320e-02  -2.72647711e-03   5.16629964e-02]]

  [[  6.98551908e-02   1.09925590e-01  -2.97015067e-02 ...,
      7.01383352e-02   3.67649235e-02  -4.68671098e-02]
   [ -1.20138139e-01  -4.67529483e-02  -3.52078453e-02 ...,
     -9.22511425e-03   5.83624281e-02  -3.43652181e-02]
   [  1.14660949e-01  -1.15709111e-01   7.39832520e-02 ...,
      6.33973777e-02  -7.39709213e-02   5.47326319e-02]
   ...,
   [ -6.61390200e-02   4.07931395e-02  -8.24462846e-02 ...,
     -1.00327447e-01  -6.98420480e-02  -3.97850946e-02]
   [ -3.06239482e-02  -2.04829648e-02  -5.73073588e-02 ...,
      1.31060094e-01  -5.18754236e-02  -2.87969294e-03]
   [ -6.94676116e-02  -3.77975986e-04   2.21460853e-02 ...,
      4.62872796e-02   1.36282340e-01  -3.87530103e-02]]]]
bias--------------------------------------------
[ 0.02023488 -0.01989834 -0.0012386  -0.00654587  0.00537819  0.00681225
 -0.00157309  0.01580543]
------------------------------------------------
kernel------------------------------------------
[[-0.3210156  -0.42998394  0.16081376 ..., -0.79313028 -0.19920523
   1.17518616]
 [-1.28493476 -0.79674649  0.23610228 ..., -0.09810461  1.50872254
   0.5414412 ]
 [ 1.12260449 -1.08501947  0.78619719 ...,  0.99235594 -0.06361992
  -0.48370373]
 ...,
 [-1.21612942  0.80116004 -0.37326744 ..., -1.33291793  0.05824581
  -0.40621546]
 [-2.02378917  0.43172592  1.02189374 ...,  0.47760314 -0.25584269
   1.68026268]
 [-0.66144329  0.25652298  1.58381128 ..., -0.06616795 -0.00918747
   0.16649897]]
bias--------------------------------------------
[-0.37300277 -0.01073983  0.26336932  0.22259498 -0.04129115  0.14581499
 -0.11077128 -0.13585851  0.02812477 -0.08184609]
------------------------------------------------