test accuracy 0.9557
kernel------------------------------------------
[[[[ 0.12644973 -0.00549158 -0.06860682 -0.0252372   0.12503986 -0.06672448
    -0.05709835 -0.26844209 -0.08290753  0.0099742   0.15047348 -0.01392585
     0.20613122  0.09844936  0.02411463 -0.28759158]]

  [[ 0.09499106  0.11546813  0.03828617  0.10331213 -0.01426322 -0.06770461
     0.18691556 -0.08977791  0.009319    0.08962283  0.04088771  0.07311256
     0.12652178  0.10666795  0.15619947 -0.13258706]]

  [[ 0.038577    0.20720823  0.08822063  0.21472195 -0.23524056 -0.09953319
     0.08524077 -0.08039463 -0.0258226   0.2163087   0.08154339  0.17294298
     0.09421317  0.25298369  0.21135823  0.01840105]]]


 [[[ 0.22742246  0.103246   -0.13741599 -0.04993499  0.22154808  0.10930739
     0.01530783 -0.21107732  0.10908516  0.0773773   0.20305738 -0.03885071
     0.07916878 -0.03649322  0.07326231 -0.13504988]]

  [[ 0.05515589  0.138763    0.02684849  0.03182845  0.09183298  0.09987498
     0.12578936  0.04941229 -0.01296342  0.04797487  0.11495393 -0.03517422
     0.01109578  0.01345547  0.10289861  0.11167926]]

  [[-0.04570253  0.02750223  0.01038368  0.08377288 -0.08625041 -0.04016471
     0.22055346  0.18949626  0.10185252  0.18777151 -0.00449732  0.17802648
     0.02507787  0.27184981 -0.17357354  0.0900311 ]]]


 [[[ 0.01243501 -0.04528113 -0.07112938 -0.12985931  0.16407508  0.31985012
    -0.03933636 -0.16879454  0.19282757 -0.05666604  0.3345139  -0.12161016
     0.02618437  0.00040222 -0.02715979  0.04636471]]

  [[-0.09556671 -0.09225695 -0.06113074 -0.06301864 -0.01813318  0.12412955
     0.0493852   0.03386152  0.0686949  -0.06128623  0.0695675  -0.14934514
     0.06675451 -0.00172847 -0.13538872  0.13357705]]

  [[-0.10031395 -0.13961659  0.17128417  0.13835163 -0.04277089 -0.02262611
     0.08215965  0.09637436  0.20143461 -0.00847951 -0.01303233 -0.13927831
     0.02804477  0.07694147 -0.29803348  0.22337368]]]]
bias--------------------------------------------
[ 0.00677032  0.02656292  0.05966232  0.02530072  0.01539538  0.06166377
 -0.0009475   0.03919694  0.01692455  0.03297313  0.02706033  0.05994915
 -0.00083495  0.00548598  0.06363266  0.03366327]
------------------------------------------------
kernel------------------------------------------
[[[[ -2.02752486e-01  -1.29949525e-01   2.43168008e-02 ...,
     -1.02025807e-01   1.23374546e-02   1.10215127e-01]
   [ -1.30391389e-01  -1.26961276e-01  -1.81566216e-02 ...,
     -1.10234797e-01   7.97359124e-02  -4.57055010e-02]
   [ -3.38087417e-02  -1.12775974e-01  -6.34785071e-02 ...,
      4.56815632e-03  -1.54547632e-01  -1.44136250e-01]
   ...,
   [ -6.61401227e-02  -1.26891896e-01  -9.09535214e-02 ...,
     -8.85195360e-02  -1.26091493e-02  -8.17200355e-03]
   [ -3.06168925e-02  -1.13217764e-01  -8.59650671e-02 ...,
     -2.24939257e-01  -1.01106158e-02   2.19101571e-02]
   [  1.02951296e-01   4.43934277e-03   1.00056835e-01 ...,
      8.77313688e-02  -1.98416896e-02  -1.24575108e-01]]

  [[ -1.55279636e-01   1.23475967e-02  -5.57415746e-03 ...,
      8.80930722e-02   1.14062846e-01   1.29196132e-02]
   [ -1.54590935e-01  -6.64081797e-02  -6.53214082e-02 ...,
     -4.52196151e-02   5.74340485e-02  -3.20662325e-03]
   [ -1.20698512e-01   2.76140589e-02   8.95314813e-02 ...,
     -1.20747998e-01  -3.38163562e-02  -4.88300137e-02]
   ...,
   [ -3.91959660e-02  -1.16674572e-01   4.24024686e-02 ...,
     -1.27130561e-02   5.07807508e-02  -4.43086550e-02]
   [ -1.36599839e-01  -1.00439399e-01   1.64765362e-02 ...,
     -1.05278827e-02   1.21935919e-01  -5.91345131e-02]
   [  9.25171189e-03  -8.35290775e-05   3.54128256e-02 ...,
     -3.48048285e-02   7.40506500e-02  -2.87470631e-02]]

  [[  2.26825029e-02  -8.24088454e-02   2.21059658e-02 ...,
     -4.07376997e-02   3.44940014e-02  -7.21011162e-02]
   [ -1.87698394e-01  -4.97326106e-02  -1.08243838e-01 ...,
     -7.26058707e-02   1.59201759e-03   1.11901676e-02]
   [  5.00380732e-02   8.24609548e-02  -7.47954026e-02 ...,
     -5.31048290e-02  -1.00141261e-02   2.07016375e-02]
   ...,
   [ -6.99999779e-02   1.15511015e-01  -1.36589304e-01 ...,
     -1.96144953e-01   1.25851810e-01   2.04623908e-01]
   [ -1.19141914e-01   4.92007472e-02   5.57229556e-02 ...,
      3.22324038e-02   1.22984491e-01  -1.25162862e-02]
   [  1.92952659e-02   5.75171672e-02  -5.99435233e-02 ...,
     -8.41881037e-02   1.25891685e-01   9.28087384e-02]]]


 [[[ -7.47224614e-02   5.07672131e-02   1.44185096e-01 ...,
     -6.70745522e-02   1.04489187e-02  -7.83139393e-02]
   [ -2.00733002e-02   7.28460252e-02  -3.08747683e-02 ...,
      9.86912102e-03  -7.94705376e-02   3.91597636e-02]
   [  5.50188720e-02   3.75961810e-02  -9.49790850e-02 ...,
     -6.72782166e-03   7.08716214e-02   2.10963376e-03]
   ...,
   [  2.69280486e-02  -1.31835580e-01   3.47740464e-02 ...,
     -6.20736070e-02  -3.84243466e-02  -9.98378638e-03]
   [  7.33864978e-02   2.25845743e-02  -3.07300128e-02 ...,
     -1.19625265e-03  -9.94052924e-03   9.13508460e-02]
   [  5.58844544e-02   2.14899681e-03   4.58710194e-02 ...,
     -1.11143347e-02  -1.92147642e-02   1.60868242e-02]]

  [[ -4.64985557e-02   9.32811573e-02   4.29477282e-02 ...,
     -3.19596231e-02   9.07512978e-02  -3.28376144e-02]
   [  4.65508550e-03  -6.13469705e-02  -8.86992812e-02 ...,
     -1.53731015e-02   1.19215455e-02   5.22589386e-02]
   [  3.58174145e-02   1.51638193e-02  -3.09610087e-02 ...,
      9.14358646e-02  -6.25255471e-03   1.47271734e-02]
   ...,
   [  1.37838209e-02  -9.02123004e-03  -5.99092133e-02 ...,
     -2.28134287e-03   3.27785686e-02  -4.77760751e-03]
   [  4.45938855e-03  -1.18945926e-01  -4.44393754e-02 ...,
      4.59144935e-02   7.89739937e-02   9.27486569e-02]
   [ -1.46733671e-02   9.40569956e-03  -1.80880318e-03 ...,
      6.08624928e-02   1.20554604e-02  -3.39029990e-02]]

  [[  4.70600799e-02  -3.33085209e-02   4.73615490e-02 ...,
     -1.73050761e-02   2.76652873e-02   1.71515077e-01]
   [ -4.52431515e-02   3.63018103e-02  -4.97495309e-02 ...,
     -9.52107981e-02   4.75683771e-02   8.20559263e-02]
   [  1.08505175e-01   9.54357609e-02  -6.89665899e-02 ...,
      6.57264814e-02   3.79231460e-02   6.53322563e-02]
   ...,
   [  1.19224482e-04  -8.74795858e-03  -2.53084034e-01 ...,
     -7.18959123e-02   6.34054467e-02   4.63725403e-02]
   [ -5.82807548e-02   3.24905999e-02   8.96776095e-02 ...,
     -2.75682304e-02   1.98010989e-02   5.22608943e-02]
   [  1.53717622e-01   3.81836742e-02  -1.41820222e-01 ...,
      3.79316956e-02  -4.86038998e-02   1.15786627e-01]]]


 [[[ -1.53719455e-01  -5.45359477e-02   4.26831543e-02 ...,
      1.14528134e-01  -2.29555159e-03  -8.46151859e-02]
   [  6.17490336e-02  -2.10487079e-02  -2.38800198e-02 ...,
      7.99063593e-02  -8.10099952e-03  -3.30090821e-02]
   [  1.85597375e-01  -7.46141747e-02   1.07913956e-01 ...,
     -5.50843179e-02   5.61766289e-02   3.20008025e-02]
   ...,
   [ -1.54674647e-03  -1.08943898e-02  -2.53225956e-02 ...,
     -1.35800485e-02  -4.93023396e-02  -2.02644747e-02]
   [  3.64795215e-02  -2.07067635e-02  -1.66242912e-01 ...,
      7.06911683e-02   8.43575746e-02  -2.06372017e-04]
   [  2.26395391e-02  -2.97897458e-02   9.42020211e-03 ...,
      7.04786181e-02  -2.02800352e-02  -2.13218890e-02]]

  [[ -1.41349668e-02  -2.81565003e-02   6.55062050e-02 ...,
     -5.83718941e-02  -8.21188316e-02  -3.50399017e-02]
   [  8.49471893e-03   3.79067473e-02  -9.88484472e-02 ...,
      3.10385507e-02  -2.89720558e-02  -1.35674953e-01]
   [  4.05952856e-02   3.79158407e-02   6.43057749e-02 ...,
     -7.00418046e-03   1.27791330e-01   6.06260672e-02]
   ...,
   [  4.03210819e-02   6.91846907e-02   5.13585508e-02 ...,
      4.16276865e-02   1.40851680e-02  -2.25227848e-02]
   [ -9.27114487e-03  -1.41447559e-02  -3.50524187e-02 ...,
      6.37551993e-02   2.74655037e-02  -5.04902974e-02]
   [  3.04865651e-02  -8.37991908e-02  -2.65546702e-02 ...,
     -2.23269500e-02   4.35284339e-03   6.34989142e-02]]

  [[  8.22905228e-02   3.59838232e-02   4.45603244e-02 ...,
      1.10140182e-01  -1.14189506e-01   4.90580536e-02]
   [ -4.40047979e-02   7.45415166e-02  -8.88882875e-02 ...,
     -2.80522015e-02  -2.73525771e-02  -8.00427273e-02]
   [  2.33466215e-02   4.69786562e-02   3.44017521e-02 ...,
     -6.45547509e-02   6.09861165e-02  -8.48742854e-03]
   ...,
   [  1.70873225e-01   1.40502051e-01  -7.63345808e-02 ...,
      1.36670182e-02  -4.15402688e-02   3.73059101e-02]
   [ -3.84669602e-02  -8.10010135e-02   3.97987887e-02 ...,
     -1.67070284e-01   3.82614024e-02  -1.27590939e-01]
   [  1.10288464e-01   1.18078984e-01  -1.08340539e-01 ...,
     -2.73693702e-04   1.62496716e-02   1.21280715e-01]]]]
bias--------------------------------------------
[ 0.01400931  0.01299809  0.0348738   0.00173884  0.05183087 -0.01054626
 -0.00861979  0.02140974 -0.00449773 -0.00809621 -0.00173997 -0.00075907
 -0.01295102  0.01063478 -0.02004526  0.00441679]
------------------------------------------------
kernel------------------------------------------
[[[[ 0.00906631  0.02302031  0.0466498  ..., -0.07898617  0.1120217
     0.12583114]
   [ 0.17423084 -0.03395694  0.0654037  ...,  0.1635728  -0.0313567
    -0.06676943]
   [ 0.02909653 -0.04214999  0.02955412 ..., -0.09224647 -0.02831502
    -0.05491085]
   ...,
   [ 0.07145002  0.08501728  0.05374882 ...,  0.101371    0.02181359
     0.12757249]
   [ 0.00828873 -0.00781212 -0.13747272 ...,  0.06036196 -0.0133068
     0.02350084]
   [-0.03570851 -0.01034755  0.02144792 ..., -0.01703804 -0.12096311
    -0.02332454]]

  [[ 0.03451491 -0.01322102  0.01187845 ...,  0.05393717  0.10848518
    -0.07315553]
   [ 0.08189571 -0.03487007  0.04091467 ...,  0.15436834  0.01784831
    -0.08925018]
   [-0.04349485 -0.07007775 -0.06968492 ..., -0.10980637  0.04355376
     0.03108061]
   ...,
   [ 0.07875782  0.22673692  0.05209228 ..., -0.04215102 -0.06126998
    -0.0881092 ]
   [ 0.05161593 -0.03946862 -0.02200158 ..., -0.08178821 -0.01669749
    -0.04922792]
   [-0.06208127  0.05293712 -0.03685695 ..., -0.03342589  0.07458721
     0.02433146]]

  [[ 0.01103832 -0.09794333 -0.01666396 ..., -0.01586425  0.03901373
    -0.12818275]
   [ 0.17533796 -0.10390236 -0.01291922 ...,  0.0128261   0.11901426
     0.08929802]
   [ 0.14880119  0.02943096 -0.11677496 ..., -0.02938664 -0.05176215
     0.11168287]
   ...,
   [-0.08296794  0.08796909 -0.03147842 ...,  0.03518461 -0.26320022
    -0.00858677]
   [ 0.00764232 -0.01581619 -0.01262925 ..., -0.12180446  0.00353616
     0.02556521]
   [-0.04564008  0.00309813  0.01258491 ..., -0.05195048  0.05679947
     0.03798554]]]


 [[[ 0.07041553 -0.05170747  0.02470871 ..., -0.11840876  0.06287935
    -0.01377779]
   [ 0.09913574 -0.01593938  0.06636401 ...,  0.05704531 -0.00734497
     0.01678115]
   [ 0.09785335 -0.15405196  0.17120513 ...,  0.0445892   0.04654858
     0.04728821]
   ...,
   [ 0.04137416 -0.06757353  0.02728949 ...,  0.0456336  -0.07446018
     0.00081703]
   [ 0.05351004 -0.00581543  0.04569146 ..., -0.00404192 -0.00590546
     0.13208804]
   [-0.06285045 -0.0173702  -0.0171138  ...,  0.03258803 -0.00890474
    -0.00980108]]

  [[-0.00865058  0.10247774  0.03222129 ...,  0.01977059 -0.02412968
    -0.02643538]
   [ 0.01895612  0.00230625 -0.02936395 ...,  0.15822621  0.00090785
    -0.10358078]
   [ 0.04900921  0.03569791  0.00226725 ..., -0.01807611  0.06056156
     0.03606401]
   ...,
   [-0.00757805 -0.02879198  0.06711817 ..., -0.03965401 -0.10779031
     0.0071716 ]
   [ 0.04934409  0.02859652  0.00222885 ...,  0.04599908 -0.03236217
     0.04115162]
   [-0.0229529  -0.02998606  0.01696735 ..., -0.03824614  0.02092388
    -0.05070587]]

  [[ 0.01364726  0.14216189  0.10550868 ...,  0.04245325 -0.05013688
    -0.0837621 ]
   [ 0.07270379 -0.03947339  0.04454159 ...,  0.12990476  0.0829695
     0.01488222]
   [ 0.08123996  0.01246269 -0.09468737 ..., -0.06089726  0.16118805
     0.04636625]
   ...,
   [ 0.01456172  0.08212221  0.04071825 ...,  0.03075121 -0.04905586
     0.02091764]
   [ 0.03836816 -0.06534675  0.01402622 ..., -0.02300931  0.02058427
    -0.0646597 ]
   [-0.04180963 -0.0451135  -0.05040182 ...,  0.04062061 -0.03253544
     0.04349429]]]


 [[[ 0.14042406 -0.03918743 -0.1810694  ..., -0.19245091 -0.02663789
     0.07185196]
   [ 0.00715171  0.09080157 -0.00928542 ...,  0.03389834  0.0404531
    -0.04978701]
   [-0.12977427 -0.0110524   0.02523401 ..., -0.00705529  0.00104621
    -0.10479018]
   ...,
   [ 0.04464204 -0.01107231  0.02576048 ..., -0.02352022  0.0035554
     0.06143729]
   [ 0.07954968 -0.15888077  0.05294332 ..., -0.08942638 -0.12813762
     0.04680913]
   [-0.05656897  0.00594506 -0.03600131 ..., -0.04660125 -0.09977555
    -0.07628095]]

  [[-0.02864765  0.19497269 -0.11462446 ...,  0.00970954 -0.03663763
    -0.08095184]
   [ 0.06600393  0.0024308   0.00576405 ..., -0.01859866  0.00850637
     0.05009325]
   [ 0.05817029 -0.02113369  0.06950665 ..., -0.18217437  0.02096742
     0.05437392]
   ...,
   [ 0.05533037 -0.04622317 -0.01587521 ...,  0.09366295 -0.05579407
    -0.08978567]
   [ 0.05258142 -0.07008147 -0.01844873 ...,  0.06520099  0.0239333
    -0.03994958]
   [ 0.07530997 -0.04281836  0.04312517 ...,  0.03105801 -0.09737624
     0.00495002]]

  [[-0.01557159  0.0072816   0.00588553 ...,  0.02110311 -0.0793111
    -0.03518548]
   [ 0.00181988  0.01976349 -0.022397   ..., -0.08942602  0.07090005
     0.00877689]
   [ 0.224389   -0.0351984  -0.06635182 ..., -0.04730511  0.05387047
    -0.0604936 ]
   ...,
   [-0.04667098  0.04885679  0.05041118 ...,  0.02517554 -0.0615146
     0.00965748]
   [ 0.08518601  0.0459629   0.11690616 ...,  0.08935928  0.00286901
     0.00549606]
   [ 0.00269993 -0.02467284 -0.03047219 ...,  0.1183058   0.09737339
     0.11744888]]]]
bias--------------------------------------------
[-0.01458367 -0.0184342  -0.00770525  0.00119494 -0.01936978 -0.03798155
 -0.0109131  -0.01154738]
------------------------------------------------
kernel------------------------------------------
[[-0.48490897  0.21365865 -0.86010444 ..., -0.93888766  0.8214829
  -0.3299742 ]
 [ 1.8243866  -0.2306727  -0.58875102 ...,  0.58593017  0.57712835
  -0.06302731]
 [-1.42899585  0.34132141  0.18148802 ...,  1.37911022  1.1358062
   0.03955453]
 ...,
 [-1.47139812  0.83800191 -0.79000115 ...,  0.64512962 -1.05611491
   1.19059408]
 [-1.34579849  1.04811406  1.56316161 ...,  1.28862798 -0.63202429
   1.77707469]
 [ 1.1557374  -0.88007462 -0.14893386 ..., -0.66340202  0.61689144
   0.04218913]]
bias--------------------------------------------
[-0.25081763  0.29140204  0.05775941  0.07499488 -0.16522917 -0.09420865
  0.0936385   0.00276894 -0.02370701  0.03788596]
------------------------------------------------