test accuracy 0.9638
kernel------------------------------------------
[[[[-0.01618771  0.19334692  0.11533325  0.00340784 -0.20519608 -0.14680248
    -0.28538856 -0.01690463  0.12487426  0.19201693  0.07566848 -0.24014254
     0.17940018 -0.24768756  0.06853645  0.02284024]]

  [[ 0.11070409  0.22953755  0.132938   -0.21405032 -0.02044716  0.04879598
    -0.01868358 -0.02967384  0.09669361  0.07360741  0.05898565 -0.13557479
     0.10018232  0.0742923  -0.07751691  0.06414359]]

  [[ 0.28678742  0.04721305  0.12416681 -0.10765532 -0.43097803  0.27329439
     0.17549931  0.07839357 -0.02127282  0.09138691  0.09380092 -0.1603273
     0.11966584  0.15793423 -0.07448354 -0.20829745]]]


 [[[-0.00373351  0.06193589  0.05047231  0.10375605 -0.208949    0.10713724
    -0.05036671 -0.00525991  0.28145036  0.10658753 -0.03302807 -0.12536639
     0.13850777 -0.18224271  0.15693721  0.08857822]]

  [[-0.00360482 -0.00432699  0.05365895  0.11102931  0.13088906  0.10378379
     0.0107001   0.03508792  0.15800545 -0.04574572  0.15344831  0.02642412
     0.07040381  0.0632407   0.05772351 -0.04981663]]

  [[ 0.27048191 -0.00577525  0.00757175  0.05969196 -0.17395619  0.2259278
     0.10269377  0.22991495  0.07227309  0.09500472 -0.01040855  0.0777088
     0.07337414  0.11540709  0.04734048 -0.172561  ]]]


 [[[ 0.09174192  0.15432033 -0.16925754 -0.03230885 -0.16800702  0.13677585
    -0.06074739  0.11439015  0.40730602 -0.04158158 -0.40908793 -0.05813122
    -0.05855568 -0.211475    0.29311076  0.16958949]]

  [[ 0.08925089  0.07917495 -0.1761937   0.06735873  0.11844186  0.06091085
     0.03252536  0.10006214  0.18978474  0.04603943 -0.14144494  0.15024233
    -0.16855773 -0.03329601  0.15457119  0.17044856]]

  [[ 0.27053973  0.08139575 -0.16789484  0.1111417   0.07459401 -0.08151177
     0.15008353  0.16835454  0.15316449  0.17205828 -0.27416152  0.21702252
    -0.23982494  0.11588629  0.01788021 -0.06347013]]]]
bias--------------------------------------------
[ 0.02294237  0.00107139  0.02988504 -0.00059218  0.11923569 -0.00040529
  0.0230425   0.01180632  0.00035218  0.01609825  0.10802983  0.05702871
  0.00229929  0.00098545  0.00700802  0.06498622]
------------------------------------------------
kernel------------------------------------------
[[[[-0.02668711 -0.03551239  0.0356349  ...,  0.06078375 -0.0486625
    -0.0696055 ]
   [ 0.05561466  0.04539718 -0.15941939 ...,  0.16976409  0.02388597
    -0.0527843 ]
   [-0.06110485  0.00798861 -0.09049405 ..., -0.03342592  0.10402127
    -0.08528631]
   ...,
   [-0.05002553 -0.06406654  0.25034115 ..., -0.03618794 -0.0572852
     0.10087422]
   [-0.00443349  0.10489408 -0.27943996 ...,  0.09121998  0.05995977
     0.02379774]
   [-0.01015541 -0.06343786  0.00976991 ...,  0.14248656 -0.01094551
     0.08374944]]

  [[-0.06281855 -0.00515866 -0.07179642 ..., -0.10682195  0.00239196
    -0.10185314]
   [-0.00632292  0.05909873  0.00778664 ..., -0.01080339  0.01275648
    -0.11483122]
   [-0.01914537  0.00149459  0.00054103 ...,  0.03946947  0.01876872
    -0.11128478]
   ...,
   [ 0.02326738  0.02937284  0.08809005 ..., -0.12256828 -0.10232374
     0.04795411]
   [ 0.03746508  0.09814244 -0.00110982 ...,  0.16097854  0.08045876
    -0.03888422]
   [ 0.03187478  0.00970073 -0.01704666 ...,  0.08919499 -0.02261673
    -0.04820985]]

  [[-0.10948764 -0.15590735  0.08639325 ...,  0.05944627  0.00607953
     0.07454664]
   [-0.06627277 -0.01578611 -0.01880851 ..., -0.06727907  0.06290724
    -0.01388248]
   [-0.0824381   0.03115388 -0.00743912 ...,  0.04131538  0.08776463
    -0.11691193]
   ...,
   [-0.2025553  -0.05305501  0.21508665 ..., -0.03760097 -0.04822586
     0.09265088]
   [ 0.02031105  0.09000605  0.02541999 ...,  0.080381    0.03534885
    -0.13265513]
   [ 0.13991752  0.04682779 -0.06108883 ..., -0.0503469   0.01548944
    -0.27238896]]]


 [[[-0.03390119  0.04024161  0.05852132 ...,  0.01778805  0.00452297
    -0.01825638]
   [-0.14130034  0.07641639 -0.04310406 ...,  0.00149976 -0.00551993
     0.01368401]
   [ 0.09631241  0.03105651 -0.00587993 ...,  0.01953653  0.00134285
    -0.18415931]
   ...,
   [ 0.02567408  0.04125842  0.26906672 ...,  0.08190849 -0.12881108
     0.02099054]
   [-0.06408188  0.15335265 -0.28964746 ..., -0.03545881  0.02476647
     0.0383724 ]
   [-0.22459784  0.06704368  0.02907922 ...,  0.06161709 -0.03916916
    -0.00092824]]

  [[ 0.04545713 -0.05131523  0.03306459 ..., -0.04548143 -0.02328917
     0.00364581]
   [-0.03673198  0.02705322  0.01849477 ..., -0.00371825  0.01539267
    -0.12648158]
   [ 0.07709128  0.03691435 -0.04586409 ..., -0.02566842  0.03748932
    -0.08472735]
   ...,
   [ 0.06214953  0.0054957   0.16559425 ..., -0.00446581 -0.07751033
    -0.04566237]
   [-0.09474394 -0.02148012 -0.11466885 ...,  0.06945693 -0.05219965
     0.0279736 ]
   [ 0.00952226  0.02681093 -0.05277364 ...,  0.05091935  0.04689643
     0.06540166]]

  [[ 0.09170596 -0.02412326  0.03701206 ...,  0.01631971  0.04058316
     0.1717536 ]
   [ 0.01653068 -0.04084103  0.03190125 ...,  0.04621258 -0.00383669
    -0.09696636]
   [-0.02882572 -0.00582425  0.07707766 ..., -0.08657739 -0.07177734
    -0.20658527]
   ...,
   [-0.2638084   0.14646126  0.06311966 ...,  0.00097862  0.08000333
     0.0458381 ]
   [ 0.05701733  0.09325931  0.03105293 ...,  0.01656361 -0.04697348
    -0.06623861]
   [ 0.12868525  0.05516024 -0.07271597 ..., -0.03036981  0.0336113
    -0.18556742]]]


 [[[ 0.04633752  0.06438502 -0.00194268 ...,  0.07681379 -0.06508237
     0.01781499]
   [ 0.03601201  0.13494779  0.04103082 ..., -0.10389475 -0.03188086
     0.01597073]
   [ 0.15746784 -0.14653401 -0.01071542 ..., -0.02011072  0.01690802
     0.08917081]
   ...,
   [ 0.0006644   0.13047703  0.1970939  ...,  0.09820324 -0.17020923
    -0.02852427]
   [ 0.08967154  0.13245708  0.00963035 ..., -0.01973362 -0.10341648
     0.1356805 ]
   [ 0.01671712  0.06894559  0.17271182 ..., -0.00654004 -0.17243645
     0.13807547]]

  [[ 0.07400531  0.00881148 -0.02091401 ..., -0.06591778  0.04672305
    -0.0842754 ]
   [ 0.06608643 -0.03045835 -0.0115643  ..., -0.0147325   0.01956811
    -0.00259799]
   [ 0.01483818  0.10850832  0.13575879 ...,  0.01112953  0.06909996
    -0.10684875]
   ...,
   [ 0.04029972 -0.02410819  0.04521522 ..., -0.05590987 -0.05681828
    -0.03210751]
   [-0.01212921  0.05788543 -0.25947514 ..., -0.06803649 -0.05140036
     0.03855322]
   [ 0.05883114  0.07770605  0.05796806 ..., -0.01036491 -0.04812367
    -0.01718903]]

  [[ 0.02731519 -0.05115816 -0.18804511 ...,  0.09992554  0.08998632
     0.00688894]
   [ 0.06984897 -0.07773618 -0.05964406 ...,  0.01408013  0.05011407
     0.03960783]
   [-0.01753087  0.00317752  0.18059121 ...,  0.03705243  0.00658237
    -0.26446974]
   ...,
   [-0.11471988 -0.08989932 -0.09118648 ...,  0.02214371  0.1012406
     0.01508658]
   [-0.02231892  0.0063676  -0.15301087 ..., -0.08957721 -0.06259353
     0.00407143]
   [ 0.10320645  0.08202839 -0.07718179 ..., -0.01164664 -0.03935765
    -0.06951298]]]]
bias--------------------------------------------
[ 0.01112939 -0.00371991  0.01456311  0.00794919  0.01400503  0.02344191
  0.02174573  0.01603607 -0.00718265  0.00733945  0.00951505  0.0080075
  0.00923208 -0.01035392  0.02925267 -0.0087377 ]
------------------------------------------------
kernel------------------------------------------
[[[[ -6.74463622e-03   3.05822343e-02  -8.55145305e-02 ...,
      1.17872916e-01   1.08722650e-01   2.71570459e-02]
   [ -1.03961527e-02  -5.87998629e-02  -3.85635272e-02 ...,
     -5.30689955e-02  -1.15899313e-02  -5.14183082e-02]
   [ -2.03276426e-01  -2.88222935e-02   1.43882066e-01 ...,
      6.95481151e-02   7.80635178e-02   1.43669574e-02]
   ...,
   [  1.97787303e-02  -9.99989286e-02  -1.27311155e-01 ...,
     -6.95595327e-06  -5.75141534e-02  -3.76151875e-02]
   [  2.15948001e-01   6.75731823e-02  -1.18040219e-01 ...,
      8.24008882e-02   3.04619242e-02  -6.40622526e-02]
   [ -7.28471354e-02   4.02864739e-02  -7.34330118e-02 ...,
     -4.45400551e-02   2.64615677e-02   6.42377064e-02]]

  [[ -4.24232222e-02   9.65677854e-03  -1.24224439e-01 ...,
      3.73816825e-02   7.34643713e-02  -4.63714972e-02]
   [ -1.28291883e-02   2.38909964e-02   8.84051695e-02 ...,
     -4.44202386e-02  -6.71188980e-02   3.24831600e-03]
   [  8.36302713e-02   1.50094423e-02   6.53902590e-02 ...,
      6.21425323e-02   1.10683084e-01  -5.70827117e-03]
   ...,
   [  2.52072280e-03  -2.36035734e-02   2.97483038e-02 ...,
     -5.31446226e-02   1.18849808e-02   4.85999845e-02]
   [  2.49978416e-02   1.75783243e-02  -1.03822425e-01 ...,
      2.31547486e-02  -8.13393071e-02  -9.58955586e-02]
   [  4.39061373e-02   2.69285263e-03   1.00105539e-01 ...,
     -1.48546368e-01   6.94134384e-02  -1.01680256e-01]]

  [[  2.04080828e-02   6.98644221e-02  -5.49228676e-02 ...,
     -4.23711613e-02   1.32834122e-01   5.54305920e-03]
   [  1.00505641e-02   1.44907504e-01   2.40648594e-02 ...,
     -2.29139738e-02  -6.78577647e-02  -5.73093519e-02]
   [ -1.96714446e-01  -2.47480068e-02  -2.92749181e-02 ...,
     -5.79502806e-02   5.54283038e-02   2.88171954e-02]
   ...,
   [  9.88561544e-04  -4.37953584e-02  -4.99847010e-02 ...,
     -4.81879637e-02   1.02280334e-01   4.44359072e-02]
   [ -1.45606130e-01   3.82934436e-02   4.46801931e-02 ...,
      1.48630485e-01   8.46085474e-02   7.21004233e-02]
   [ -1.86022148e-02  -1.14858970e-01   1.88726392e-02 ...,
     -4.28716801e-02  -5.55868000e-02  -3.30862552e-01]]]


 [[[ -1.94467399e-02   2.64781434e-02   1.51977157e-02 ...,
      4.78356294e-02  -1.43268460e-03   6.98703602e-02]
   [ -4.47525606e-02   1.71919949e-02  -6.94083143e-03 ...,
     -1.14510521e-01  -2.30415426e-02  -7.97847137e-02]
   [ -2.33654603e-02   1.59017652e-01   1.91226959e-01 ...,
     -2.01963000e-02   1.11583220e-02  -2.86975806e-03]
   ...,
   [  7.99222011e-03   6.50951043e-02  -1.50725888e-02 ...,
      7.63935894e-02  -5.70178144e-02  -2.27734502e-02]
   [  4.84663583e-02  -5.93513697e-02  -2.26358604e-02 ...,
      5.49945757e-02   5.17054182e-03   1.00842863e-01]
   [ -2.46246923e-02  -7.46798813e-02   1.14137717e-01 ...,
     -7.58559778e-02   5.98851480e-02   1.13258502e-02]]

  [[ -5.90781458e-02   5.47409803e-02   6.48732204e-03 ...,
     -6.39343215e-03   5.52194100e-03   9.59233716e-02]
   [ -6.04364611e-02   2.15207338e-02   9.46586300e-03 ...,
     -1.33348823e-01   6.38696775e-02  -8.40125307e-02]
   [  4.74469773e-02   1.12527132e-01   8.24890062e-02 ...,
     -6.79349974e-02   4.24462371e-02   4.52677207e-03]
   ...,
   [ -4.08393890e-02  -7.39580244e-02   5.00275791e-02 ...,
     -1.72687992e-02   3.05701438e-02   3.55917662e-02]
   [  2.14898959e-02  -1.05861403e-01   1.81662776e-02 ...,
      1.02477381e-02   1.21596433e-01   4.44051325e-02]
   [  3.56178395e-02  -5.82874119e-02  -1.05971143e-01 ...,
     -7.31775463e-02  -2.72886809e-02  -1.25363380e-01]]

  [[ -7.44029358e-02   1.77763417e-01  -1.23048022e-01 ...,
     -8.21277425e-02   5.58754103e-03   6.07427806e-02]
   [  1.27976090e-02  -5.41979037e-02  -4.79946770e-02 ...,
     -4.35285158e-02  -6.04961328e-02  -5.22460602e-02]
   [ -1.08487969e-02   1.67133033e-01   6.00610711e-02 ...,
     -1.63513478e-02   6.06211163e-02   1.41435459e-01]
   ...,
   [  3.47472392e-02   1.93156637e-02   7.50579759e-02 ...,
      1.46847370e-03  -7.33494163e-02  -4.25373241e-02]
   [ -1.22120529e-01   1.38735110e-02  -7.54400268e-02 ...,
     -2.01373398e-02  -9.69591811e-02   7.07360357e-02]
   [  1.00253180e-01  -2.27078974e-01  -7.60300085e-02 ...,
      8.87358263e-02  -9.91324633e-02  -2.02257350e-01]]]


 [[[  2.56505404e-02  -7.80243252e-04   7.20578358e-02 ...,
     -3.42200808e-02  -4.60535800e-03   9.17203054e-02]
   [ -5.39927296e-02   4.20849435e-02   5.09745926e-02 ...,
     -1.43176079e-01  -2.48081401e-01  -4.40596156e-02]
   [ -5.38500492e-03   1.16602980e-01   2.48372436e-01 ...,
      3.28418501e-02   2.01952443e-01   9.61631089e-02]
   ...,
   [ -1.63766537e-02  -4.51176837e-02   5.11679836e-02 ...,
      4.27086884e-03  -1.48093589e-02  -6.43685535e-02]
   [  1.40756994e-01  -1.39293343e-01  -3.96893695e-02 ...,
      1.42937303e-01   8.92721042e-02   4.20373306e-02]
   [ -2.56789476e-02  -9.34873745e-02  -5.97238131e-02 ...,
      3.31591740e-02  -8.93702731e-02  -6.77403510e-02]]

  [[  8.77365470e-04   2.83647358e-04   8.85200966e-03 ...,
     -3.93349789e-02  -3.72462608e-02   1.42011940e-01]
   [ -4.08414155e-02   8.83812492e-04   6.81754872e-02 ...,
     -3.85967246e-03   9.32368729e-03   5.60566746e-02]
   [ -9.08147171e-02   4.44382504e-02  -2.36603078e-02 ...,
     -3.74854989e-02   1.44771682e-02   8.84144083e-02]
   ...,
   [  8.34506676e-02  -1.76079629e-03  -9.53809246e-02 ...,
      3.30969468e-02  -6.66510463e-02   6.33962601e-02]
   [ -7.42937326e-02   3.53943929e-03   1.75139084e-02 ...,
      4.52767685e-03  -5.63121997e-02   2.30724663e-02]
   [ -2.35393122e-02  -1.85544997e-01  -3.73370685e-02 ...,
      1.15320925e-02   2.02131364e-02  -8.38988423e-02]]

  [[ -3.17379124e-02  -6.98369294e-02  -5.97548783e-02 ...,
     -1.40793055e-01  -1.57323889e-02   8.11714157e-02]
   [ -2.17687190e-02  -1.77053407e-01   1.26564351e-04 ...,
      6.31120950e-02  -2.24350896e-02   6.22876734e-03]
   [ -9.31098759e-02  -8.04528296e-02   3.30478251e-02 ...,
     -1.80622786e-01  -6.02819547e-02   2.78611839e-01]
   ...,
   [  1.63795546e-01   8.89386162e-02   2.68293899e-02 ...,
     -9.37602222e-02  -4.01516967e-02  -2.66749430e-02]
   [ -4.35454249e-02  -3.09472531e-03  -3.58080229e-04 ...,
     -5.58730476e-02   1.74499769e-02  -2.00610720e-02]
   [  2.61685789e-01  -1.25963047e-01   3.17947604e-02 ...,
      6.50914386e-02   6.47982508e-02  -4.76138853e-02]]]]
bias--------------------------------------------
[-0.0072117  -0.01730955 -0.01871053 -0.02195168 -0.0004452   0.00441994
 -0.00015145  0.00826762]
------------------------------------------------
kernel------------------------------------------
[[ 0.34629196  1.95582366 -0.59832853 ...,  0.51026452 -0.8710922
  -1.33964753]
 [ 0.92070037 -1.02425766 -1.64299393 ..., -1.0341562  -0.57343411
  -0.08034699]
 [-0.44820791  1.89057302 -0.33427036 ...,  2.05175233 -0.38374901
  -0.40746137]
 ...,
 [-0.8956992  -1.07172775 -1.25648129 ...,  0.32923073 -0.7748667
   0.18514939]
 [-0.63323879  0.77617347 -0.71211541 ..., -0.35223076  0.42418709
   0.11359709]
 [ 0.08361578  0.18838365 -0.23557828 ..., -0.58211982 -0.0063441
   1.12298667]]
bias--------------------------------------------
[ 0.02608961  0.60022336 -0.17065673 -0.36884871  0.1175684  -0.22298443
  0.21302779 -0.02299494  0.08393861 -0.15591224]
------------------------------------------------