kernel------------------------------------------
[[[[ 0.13402419 -0.10468525 -0.20309338  0.24204296 -0.37175849 -0.05936856
     0.19512008  0.33483759  0.17242365 -0.29063326  0.07027682  0.32411754
    -0.12207995  0.17977548 -0.27869511 -0.21089736]]

  [[ 0.15591766 -0.26539195  0.06945956 -0.05298562 -0.10376879 -0.13223511
    -0.04261455  0.118613    0.05063953 -0.06133083 -0.01841904  0.05076982
    -0.21638876  0.11299919 -0.06334235  0.02357112]]

  [[ 0.34271103 -0.17337845  0.03940399 -0.06864408  0.13088807 -0.20504482
    -0.27427959  0.12887412  0.29607379 -0.14062805 -0.21048428 -0.19689052
    -0.15303884  0.01511449  0.18063223  0.02853918]]]


 [[[-0.0685716   0.08751435 -0.12678808  0.10060192 -0.16172197  0.03697915
     0.17812814  0.14536406  0.10449809 -0.11909999  0.07271248  0.15305696
     0.18094511  0.31044465 -0.04891611 -0.16101752]]

  [[-0.02258242  0.10636517  0.10206028 -0.02105374  0.07398884  0.07162271
     0.06306604  0.08666394  0.06158322 -0.06869671 -0.02819221 -0.04363376
     0.14888565  0.14690997 -0.08418989  0.08880641]]

  [[ 0.20244193  0.03967753  0.14656168 -0.09952814  0.10903655 -0.14568758
     0.01430056  0.11644539  0.20299029 -0.03393246 -0.16525315 -0.22120377
     0.04546311 -0.043468    0.10791238  0.11144654]]]


 [[[-0.24998423  0.02341453  0.07357362  0.21188229 -0.14159504  0.26164293
     0.14627792 -0.11914434  0.21787253  0.19756119  0.05184555 -0.08513135
     0.14210571  0.26707631  0.20875601 -0.02549626]]

  [[-0.13831504  0.09393863  0.06221814 -0.10457764  0.08603279  0.17298353
     0.11141989 -0.01053592  0.17396083  0.16529283  0.11051862 -0.08669768
     0.00342555  0.2828232  -0.0037782   0.06212009]]

  [[-0.01073098  0.17597374  0.14753851 -0.33740142  0.15628566 -0.00276497
     0.20184085 -0.01106901  0.25221488  0.20415089  0.25818339 -0.51331472
    -0.03032145  0.04544313 -0.20328729  0.24540557]]]]
bias--------------------------------------------
[ 0.04981611  0.02385461  0.01234381  0.04923171 -0.00037222  0.00147545
  0.00561876  0.00336231  0.00110717  0.04264656  0.03902386  0.07575052
  0.00667186  0.00037386  0.09545597  0.04260778]
------------------------------------------------
kernel------------------------------------------
[[[[ -8.44977275e-02   1.17962614e-01   1.07075579e-01 ...,
     -4.25873883e-02  -8.69621895e-03  -6.44709170e-02]
   [  2.01581106e-01  -4.28204127e-02  -1.09438419e-01 ...,
      1.34521216e-01  -1.17903709e-01   2.34840978e-02]
   [  5.79126403e-02   1.54451234e-03   1.35251418e-01 ...,
      7.04953745e-02   3.44876982e-02   2.27514040e-02]
   ...,
   [ -1.80639371e-01  -2.36833096e-02  -1.70107886e-01 ...,
      2.62239147e-02   5.81640862e-02  -7.10049346e-02]
   [  6.58285096e-02  -4.16012965e-02   5.92833906e-02 ...,
     -1.13230031e-02   1.29290730e-01  -1.21575356e-01]
   [  5.95748164e-02   8.09149072e-02   1.85619503e-01 ...,
      7.18624219e-02  -1.25762671e-02   1.70166329e-01]]

  [[  2.23930385e-02   8.69929045e-02   5.33648431e-02 ...,
      3.21735367e-02   6.23908564e-02   6.26937449e-02]
   [  1.59640372e-01  -1.55983716e-01  -2.27809958e-02 ...,
      2.43474886e-01  -1.23096809e-01  -1.65280476e-02]
   [ -8.83641914e-02  -2.56372262e-02   2.11015288e-02 ...,
      9.06154979e-03   8.68183561e-03  -6.62490949e-02]
   ...,
   [ -8.17015171e-02   9.95111316e-02   5.41510172e-02 ...,
     -3.30368020e-02   3.70472334e-02   1.78260580e-02]
   [  1.24164388e-01  -6.80685556e-03   6.31746575e-02 ...,
     -2.44362094e-02   1.99320152e-01  -6.25825822e-02]
   [ -3.10554635e-03  -8.75433013e-02  -3.26521844e-02 ...,
      1.03791945e-01   1.76244173e-02   6.18167967e-03]]

  [[ -1.19356409e-01   8.40112641e-02  -5.01079895e-02 ...,
     -2.34064702e-02  -4.36158217e-02   1.34161264e-01]
   [  1.24554418e-01   1.11026324e-01  -4.95408960e-02 ...,
      1.19524032e-01  -1.02045216e-01  -8.34661946e-02]
   [ -7.03330189e-02   4.04195972e-02  -5.50958849e-02 ...,
     -3.85924838e-02  -2.54151821e-02   2.17356961e-02]
   ...,
   [ -8.50393549e-02   4.86859605e-02   9.32028890e-02 ...,
      8.51473138e-02   8.62307027e-02  -3.33077721e-02]
   [  1.00251347e-01   4.26956974e-02   6.73497021e-02 ...,
      6.97580576e-02   2.39563696e-02   1.40404582e-01]
   [  4.62169945e-03   5.73847406e-02  -7.08616227e-02 ...,
     -1.45916054e-02  -7.35212862e-03   5.11151366e-02]]]


 [[[  7.07340091e-02  -1.03387152e-04   7.00464658e-03 ...,
     -4.36317250e-02   1.45246573e-02  -3.66093293e-02]
   [  9.14072096e-02  -6.35708869e-02  -9.32142586e-02 ...,
     -5.52297905e-02  -1.62753388e-01   1.79177281e-02]
   [  6.16225265e-02   1.53399050e-01   5.77800237e-02 ...,
      8.62843618e-02   1.83980446e-02   8.44640285e-03]
   ...,
   [ -6.18976690e-02  -1.92936853e-01  -1.27220407e-01 ...,
      2.13420223e-02   1.20443283e-02  -1.55252712e-02]
   [ -7.76078254e-02   8.95608962e-02   1.49372578e-01 ...,
     -1.24147624e-01   1.99192733e-01  -1.78557355e-02]
   [  1.71673894e-01  -5.02601787e-02   7.53062144e-02 ...,
      2.41569020e-02  -9.19895023e-02  -2.54667853e-03]]

  [[ -9.43799019e-02   1.60189979e-02   1.33420303e-01 ...,
      6.14097044e-02  -2.53425520e-02   5.51423356e-02]
   [  4.78354506e-02  -9.78018492e-02  -8.25334191e-02 ...,
      1.01193689e-01   4.32778057e-03  -3.86274531e-02]
   [  5.32371327e-02  -1.53255183e-02  -8.33696574e-02 ...,
      2.66513415e-02  -2.65946565e-03   3.67800519e-02]
   ...,
   [  2.33720448e-02  -5.19491732e-02  -9.97543335e-03 ...,
     -9.48063098e-03   7.16170743e-02   8.69195089e-02]
   [  5.64792864e-02   2.00905591e-01   7.65721351e-02 ...,
     -3.31221819e-02   1.18928425e-01   5.28605878e-02]
   [ -2.87635792e-02  -1.03115790e-01   3.94562669e-02 ...,
      8.79095495e-02   4.84145395e-02  -3.97029798e-03]]

  [[ -6.72820583e-02   2.08796129e-01   1.06860191e-01 ...,
     -2.89071240e-02  -1.04234636e-01   4.56528850e-02]
   [ -2.21388340e-02  -1.72769949e-02  -1.06442451e-01 ...,
      1.10233743e-02  -1.75410546e-02  -3.90866362e-02]
   [ -2.85716243e-02  -2.00569972e-01   1.44265816e-01 ...,
      2.39511132e-02   4.02358435e-02   7.25560412e-02]
   ...,
   [ -9.73204907e-04  -1.53819192e-03  -7.82750621e-02 ...,
     -6.81344494e-02   5.88422408e-03   5.97125702e-02]
   [ -7.24360794e-02  -1.81615036e-02   7.16851652e-02 ...,
     -1.20944098e-01   7.18056634e-02  -6.20118435e-03]
   [  6.64019492e-03  -1.85300216e-01   9.60266963e-02 ...,
      7.32668340e-02   2.28322614e-02   4.29081358e-02]]]


 [[[  2.16679145e-02  -6.32629246e-02  -1.47548929e-01 ...,
     -1.37848496e-01  -4.29557599e-02   2.25395579e-02]
   [  5.34494556e-02   2.74296105e-02   7.77452514e-02 ...,
      6.82608485e-02  -1.34979248e-01   7.96403065e-02]
   [  1.00739241e-01   2.89089624e-02   3.13513959e-03 ...,
      1.72345880e-02  -1.78002175e-02   1.05875783e-01]
   ...,
   [  4.74743359e-02  -7.56095024e-03  -7.94948637e-03 ...,
      4.46553715e-02   8.28272626e-02   1.29619375e-01]
   [ -2.58769263e-02   1.00777499e-01   8.19819346e-02 ...,
      7.12113548e-03   4.27297056e-02   2.83704624e-02]
   [  1.63115591e-01   7.13197291e-02  -2.46283039e-02 ...,
      1.18392646e-01   2.62133265e-03   1.85966324e-02]]

  [[ -5.28071634e-02   1.99807864e-02  -1.16570760e-03 ...,
     -6.63895532e-02  -5.40372403e-03  -1.38148814e-02]
   [  9.03498679e-02   1.21644452e-01   1.22166853e-02 ...,
      7.25353658e-02  -1.01089656e-01  -1.14444993e-01]
   [ -5.09822480e-02   5.06695472e-02  -4.21111993e-02 ...,
      1.00994058e-01   2.41797660e-02   1.09206587e-01]
   ...,
   [  6.11488670e-02  -6.20913990e-02   4.36479738e-03 ...,
     -5.43918572e-02   5.21829762e-02   9.34396386e-02]
   [ -1.16874173e-01   1.10701546e-01   1.34954512e-01 ...,
     -2.12102644e-02   1.55458212e-01   5.13782538e-02]
   [  1.84597690e-02   2.45045926e-02  -4.39436175e-02 ...,
      5.38070649e-02   9.96973142e-02   1.09505631e-01]]

  [[  3.60641927e-02   1.43460304e-01   2.22784802e-01 ...,
     -7.10114613e-02  -4.28048894e-02  -5.28750988e-03]
   [  2.32965693e-01  -5.27658537e-02  -1.01615816e-01 ...,
      8.73266682e-02   8.36105943e-02  -1.27719447e-01]
   [  1.15332417e-01  -2.26480782e-01   1.54273704e-01 ...,
     -1.98567528e-02   7.67007296e-04   1.64721876e-01]
   ...,
   [ -2.43863501e-02   1.79270860e-02   2.22455114e-02 ...,
      2.42510214e-02   5.34085035e-02   1.40301719e-01]
   [ -1.32248819e-01   1.52549118e-01  -1.77149307e-02 ...,
     -4.14577611e-02   3.93114164e-02  -5.26534244e-02]
   [  1.80084735e-01  -4.45038319e-01   1.70944780e-01 ...,
      5.87128401e-02  -1.93318445e-02   1.61506891e-01]]]]
bias--------------------------------------------
[ 0.0102583  -0.00381122  0.01237786 -0.0190774   0.00156635  0.00565743
 -0.01006643  0.04042977  0.02415721  0.03090701  0.00595415  0.01711957
  0.00023783 -0.00419193 -0.014017    0.01739478]
------------------------------------------------
kernel------------------------------------------
[[[[  5.07366396e-02   2.53710419e-01   3.85917537e-03 ...,
     -5.27179167e-02  -6.06697649e-02   5.10414541e-02]
   [  4.18881364e-02   2.10480541e-02  -1.01365834e-01 ...,
     -1.09003335e-02   4.07811888e-02  -3.82811688e-02]
   [  1.90681610e-02  -1.45094665e-02   8.10684860e-02 ...,
      9.54734311e-02  -5.57517037e-02   4.83849533e-02]
   ...,
   [  3.47150490e-02  -5.61664030e-02   1.41397893e-01 ...,
     -2.59033404e-02   1.68456994e-02  -1.14904188e-01]
   [ -3.64705101e-02  -2.63175685e-02  -5.57569563e-02 ...,
     -2.91413330e-02   6.17520735e-02   1.50912851e-01]
   [  1.21958479e-02   6.36603311e-02   1.39735743e-01 ...,
     -7.42892548e-03   8.09567049e-03   4.82552461e-02]]

  [[  5.14393188e-02   9.85545442e-02  -3.72583456e-02 ...,
     -3.30659933e-02   1.29841566e-01  -1.25945181e-01]
   [  1.51544111e-02  -1.54869437e-01   3.80305946e-02 ...,
     -5.54303713e-02   1.14650249e-01   8.39826390e-02]
   [ -2.76940018e-02   1.69619117e-02   4.66362275e-02 ...,
      3.01483143e-02  -9.39542130e-02  -2.72810515e-02]
   ...,
   [ -2.38080248e-02  -1.81035511e-02   6.21696841e-03 ...,
     -5.39535098e-02  -1.13816306e-01  -9.05812830e-02]
   [  2.02566218e-02   4.22224998e-02   2.07296703e-02 ...,
      3.36039513e-02   2.42158435e-02   4.67250869e-02]
   [  6.96735922e-03   7.22329766e-02  -5.35570784e-03 ...,
      1.84495971e-02  -6.51800190e-04   5.18112853e-02]]

  [[  1.72703803e-01  -8.34762678e-03   1.17818929e-01 ...,
     -1.48450717e-01   3.37168202e-02  -4.06738603e-04]
   [ -9.55162570e-03  -7.11695328e-02   7.10695013e-02 ...,
     -1.77531857e-02   3.04072425e-02   8.84414986e-02]
   [ -2.29156595e-02   3.17527018e-02   3.37557122e-02 ...,
      1.41109049e-01  -6.03830703e-02   8.76760259e-02]
   ...,
   [  1.98786810e-01  -3.40604968e-02   7.55802589e-03 ...,
      4.83306795e-02  -8.80555362e-02   4.13272455e-02]
   [ -8.95493254e-02   1.58127189e-01  -2.61972044e-02 ...,
      1.14307187e-01   3.67886387e-02   6.52840957e-02]
   [  5.25738299e-02  -5.77180870e-02  -4.44324315e-03 ...,
      8.02928023e-03  -6.46685064e-03  -4.60835509e-02]]]


 [[[  1.04503013e-01   2.16711462e-02   1.06002271e-01 ...,
     -9.05141011e-02   1.39815331e-01  -1.48364797e-01]
   [ -1.12427212e-01  -5.82227334e-02  -5.68408556e-02 ...,
      4.80537266e-02   8.20830390e-02   7.52415285e-02]
   [ -6.73088506e-02  -4.44600768e-02  -2.66761705e-02 ...,
      3.38571928e-02  -5.18013425e-02   4.81266044e-02]
   ...,
   [ -5.94732873e-02  -1.25639513e-01  -7.80682117e-02 ...,
     -1.67601705e-01  -8.03180113e-02   7.68571645e-02]
   [ -3.88335362e-02   7.11649880e-02   4.48826030e-02 ...,
      1.95669327e-02  -3.44475023e-02   4.09302004e-02]
   [ -4.31712791e-02   9.98528153e-02   5.39565496e-02 ...,
      9.30792168e-02  -3.75442132e-02  -7.18497857e-02]]

  [[ -5.74918911e-02  -2.48775519e-02   3.41261029e-02 ...,
     -6.03982341e-03  -1.31471470e-01  -8.29886943e-02]
   [ -3.46694961e-02  -1.23362251e-01   1.86990485e-01 ...,
      8.06689188e-02  -8.04298967e-02   3.46854255e-02]
   [ -4.03890163e-02  -5.78243993e-02  -1.18388962e-02 ...,
      2.69803703e-02  -6.21692762e-02   1.33541944e-02]
   ...,
   [ -1.07085489e-01  -1.48142055e-02  -6.31982014e-02 ...,
     -3.28200012e-02  -2.19042972e-02  -2.21679229e-02]
   [ -6.52239099e-02   1.07997879e-01  -1.68261528e-02 ...,
      5.81300911e-03   6.57999516e-02   8.63761604e-02]
   [ -4.85935099e-02   5.93650490e-02  -1.45850917e-02 ...,
     -1.63710807e-02  -3.08881495e-02   3.00692432e-02]]

  [[  6.23852424e-02   4.44606058e-02   2.29983032e-02 ...,
      8.07841402e-03  -3.45728010e-01  -1.77236885e-01]
   [ -3.67332213e-02   2.02623084e-01   1.46467403e-01 ...,
     -5.97396120e-02   6.74078315e-02  -4.04939018e-02]
   [  1.35681573e-02  -7.49794245e-02  -1.99825000e-02 ...,
      1.40887024e-02   1.70701653e-01   1.15117244e-01]
   ...,
   [ -5.96302375e-02   5.54719158e-02  -2.91930567e-02 ...,
      5.49437292e-02  -8.28275755e-02  -2.41679209e-03]
   [ -8.80110450e-03   1.85960159e-01  -5.27917501e-03 ...,
     -7.32673407e-02   7.41301998e-02   6.87295049e-02]
   [  4.24650088e-02  -6.30447716e-02  -4.07612994e-02 ...,
      1.14997001e-02   3.17561477e-02  -9.68995541e-02]]]


 [[[  8.73580426e-02   5.51385693e-02   4.42886725e-02 ...,
      4.97259619e-03   4.98554967e-02   2.87937336e-02]
   [  2.21861392e-01   1.37604168e-02  -6.16452396e-02 ...,
      3.87051627e-02  -7.65070319e-02  -4.31549363e-03]
   [ -7.70094991e-03   1.70628130e-01  -1.86577141e-01 ...,
     -1.17994577e-01  -1.18305296e-01  -1.46390736e-01]
   ...,
   [ -2.46235710e-02  -1.10837549e-01   1.01076342e-01 ...,
     -4.81931120e-02  -9.03381556e-02   9.85296443e-02]
   [ -1.43482238e-01   1.08315825e-01   9.73256007e-02 ...,
     -3.43387164e-02  -6.68667182e-02  -1.32940143e-01]
   [  6.57110959e-02   5.69925457e-02   2.98113888e-03 ...,
     -1.13352589e-01  -1.29980832e-01   5.47874421e-02]]

  [[ -1.78694222e-02  -5.68401674e-03  -1.28775863e-02 ...,
      4.59596328e-02   4.10079584e-02  -1.57041382e-02]
   [  2.74417251e-01  -3.28431763e-02   5.54068983e-02 ...,
      9.26562697e-02  -1.15916081e-01  -1.04725622e-01]
   [  1.87645733e-01  -2.36780010e-02  -1.13556303e-01 ...,
     -2.23538548e-01  -2.97766924e-02  -4.50214148e-02]
   ...,
   [  2.54014302e-02   9.58198495e-03   2.77223326e-02 ...,
      8.19501653e-02   1.00096958e-02   4.58625928e-02]
   [ -1.94016516e-01   1.77424345e-02   2.63709091e-02 ...,
      3.64757851e-02  -3.14293392e-02  -4.69709747e-03]
   [ -9.34851840e-02  -6.06676526e-02  -3.52806002e-02 ...,
     -3.74137200e-02  -3.48765701e-02   2.86634099e-02]]

  [[  5.73458336e-03  -8.31586719e-02   1.15897551e-01 ...,
      1.03733294e-01   6.24226183e-02   2.16984991e-02]
   [  2.24196658e-01   1.60053581e-01   2.55154446e-03 ...,
     -1.86099440e-01  -6.11892752e-02  -2.20828801e-01]
   [ -9.57394484e-03  -3.28061804e-02  -6.80915788e-02 ...,
     -9.18401480e-02   3.45196500e-02  -1.49387214e-02]
   ...,
   [  3.94476838e-02   2.19374467e-02  -7.40205720e-02 ...,
     -3.44832167e-02   9.28604975e-02   2.63442975e-02]
   [ -1.14915766e-01   4.89131771e-02   1.23876501e-02 ...,
     -1.28849685e-01  -3.16747974e-05   1.36644011e-02]
   [ -9.51522812e-02  -1.88375771e-01  -1.53266685e-02 ...,
     -6.73720986e-02   2.82536931e-02   6.30842745e-02]]]]
bias--------------------------------------------
[-0.03323511  0.03482512 -0.01021504 -0.03034413 -0.03852908 -0.01198125
 -0.01922485 -0.00067366]
------------------------------------------------
kernel------------------------------------------
[[ 0.05827647  1.27397346 -0.2891098  ..., -0.71452194 -0.85636407
  -0.50778997]
 [-0.76951337 -1.28893673 -0.09718008 ...,  0.66485608 -1.43399227
   0.25021142]
 [-0.40779492  1.39659941  0.53206623 ...,  0.86636579 -1.12830234
  -0.11505286]
 ...,
 [-0.8900069  -1.99797904 -0.99786216 ..., -0.08419011  2.54541135
  -1.46395147]
 [ 0.21293458  0.38240546 -0.34220606 ...,  0.13831887  0.81754524
  -0.51324069]
 [-0.9995169   1.55346322 -0.66911632 ..., -1.88733172 -0.14366333
   1.0724355 ]]
bias--------------------------------------------
[-0.46255749  0.78328902  0.02743323  0.41585585 -0.17800941 -0.17583741
 -0.17033011  0.21655987 -0.39196783  0.03927422]
------------------------------------------------